              precision    recall  f1-score   support

           A       1.00      1.00      1.00       138
           B       1.00      0.98      0.99       105
           C       0.98      0.97      0.98       114
           D       0.98      0.98      0.98       108
           E       1.00      1.00      1.00       127
           F       0.99      1.00      1.00       133
           G       0.99      0.99      0.99       129
           H       0.99      0.99      0.99       140
           I       1.00      1.00      1.00       122
           J       1.00      1.00      1.00       136
           K       1.00      1.00      1.00       136
           L       1.00      0.99      1.00       130
           M       0.97      0.99      0.98       137
           N       0.98      0.98      0.98       121
           O       1.00      0.98      0.99       100
           P       1.00      1.00      1.00       120
           Q       0.99      0.99      0.99       133
           R       0.99      1.00      1.00       139
           S       0.99      0.99      0.99       139
           T       0.99      1.00      1.00       140
           U       0.97      0.99      0.98       114
           V       1.00      1.00      1.00       105
           W       0.98      0.97      0.98       114
           X       1.00      1.00      1.00       140
           Y       0.99      0.97      0.98       136
           Z       0.99      1.00      1.00       100

    accuracy                           0.99      3256
   macro avg       0.99      0.99      0.99      3256
weighted avg       0.99      0.99      0.99      3256
